Cost:
36412.92152348473
Routes:
29
0,259,255,65,47,27,141,126
0,282,129,178,271,115,281,286,191,267
0,243,261,15,82,180,251,168,147,71,175,13,300
0,34,70,198,85,194,288,38,171,266,72,140,207
0,165,36,53,226,257,64,58,4,258,153,205,188
0,222,295,44,113,248,144,137,289,227,211,14,249,121
0,145,100,253,17,173,279,25,112,290,5,215
0,81,132,42,193,120,29,1,155,43
0,136,163,73,172,240,186,299,239,208,76,265
0,134,293,35,162,61,106,39
0,285,170,250,142,158,20,78,196,40
0,79,246,41,108,123,268,52,229,269,213,48
0,280,103,60,109,94,206,159,236
0,220,232,122,230,91,135,86,54,231,272
0,296,99,11,164,149,133,242,166
0,199,221,256,49,46,292,125,97,127,10,225
0,214,105,6,16,96,67,263,98
0,87,31,59,238,294,156,74,189,218,237,150,104,287,128
0,77,169,56,151,277,195,57,32,274,19,90
0,83,139,75,51,66,270,8,69,118
0,187,63,22,244,37,223,177,111,235,217,101,181,161
0,18,146,130,276,95,167,12,264,2,182,84
0,50,80,190,179,55,7,148,202,131,93,88
0,68,204,254,116,212,62,89,154,119,247
0,24,224,176,298,110,45,107,160,260,297,245,284,117
0,92,234,273,233,26,138,183,157,291,283,102,262
0,275,241,21,152,184,197,201
0,203,252,143,124,216,3,114,192,219,28,278,9
0,209,228,30,174,23,200,185,210,33
