Cost:
38476.114115945165
Routes:
28
0,259,77,255,209,65,47,27,141,126
0,282,129,178,271,115,281,136,286,220,191,267
0,214,24,243,134,293,35,162,61,106,39
0,34,70,56,169,151,57,195,277,32,274,19,90
0,105,6,228,30,174,23,200,185,79,33,60
0,222,38,288,85,194,198,171,266,72,140,207,108,268
0,145,81,132,42,193,120,29,1,155,43,54
0,100,18,253,17,173,279,25,112,5,290,215
0,163,73,172,240,299,186,199,239,208,76,265,122
0,261,165,15,16,82,96,67,263,187,98
0,285,170,250,142,158,20,78,196,40
0,210,246,41,123,52,229,269,213,48,294,87
0,280,103,109,94,206,159,236,237,218
0,232,230,91,135,86,231,272,11,99
0,296,164,149,133,242,166,146,300,13
0,221,256,49,46,292,125,97,127,10,225,83
0,224,92,180,251,168,36,147,203,71,175,84,2
0,31,59,238,156,74,189,150,104,287,128,223,37
0,44,113,248,295,144,289,137,227,14,211,249,121,152
0,63,22,244,80,190,179,55,7,131,93,58
0,139,75,51,66,270,8,69,118,276
0,50,53,234,273,233,26,226,257,64,88,4,258,262,291
0,68,212,116,254,204,62,89,130,167,95
0,176,298,110,247,119,45,107,160,260,284,297
0,275,241,21,197,184,201,111
0,154,182,245,264,12,117,124,216,3,114,192,278
0,177,235,217,101,181,161,148,202,153,205,9
0,252,143,138,183,157,283,102,28,219,188
