Cost:
38913.4785538702
Routes:
28
0,259,77,282,129,178,271,115,281,136,286,220
0,255,209,65,47,27,141,126,228,30,174
0,214,24,243,134,293,35,162,61,106,39
0,34,70,56,169,151,195,57,277,32,274,19,90
0,191,267,145,81,132,42,193,120,29
0,105,6,79,185,200,23,38,288,85,194,198
0,222,171,266,72,140,207,246,210,33,60
0,100,18,155,1,43,99,11,272,164,54
0,163,73,172,240,299,186,199,239,208,76,265,122
0,261,165,15,16,96,67,82,92,180,251
0,285,170,250,142,158,98,187,263,20,78
0,253,17,173,279,25,112,5,290,215,224,203,147,36
0,280,103,109,196,40,206,94
0,232,230,91,135,86,231,83,10,127,97,125,225
0,41,108,123,268,52,229,269,213,48,294,238,31,59
0,296,149,133,242,166,146,300,13,175,71,45
0,221,256,49,46,292,68,139,75,51
0,87,159,236,237,150,189,218,74,156,121,249,14,289
0,44,113,248,295,144,137,227,211,201,184,152
0,168,50,80,190,179,55,7,131,93,58
0,63,22,244,37,223,128,287,104,177,235,111,217,101
0,89,62,69,8,270,66,118,276,95,167
0,130,12,264,2,182,84,154,119,247,110,298
0,176,234,53,226,26,273,233,138,183,157,291,102
0,275,241,21,197,181,161,148,88
0,212,116,254,204,245,297,284,260,160,107,252,143
0,257,64,4,258,153,205,9,278,28,192,219
0,202,262,283,3,114,188,216,124,117
