Cost:
37792.121109500375
Routes:
29
0,259,77,255,209,65,47,27,141,126
0,282,129,178,271,115,281,136,286,220,191,267
0,214,24,243,134,293,35,162,61,106,39
0,34,70,56,169,151,57,195,277,32,274,19,90
0,105,6,228,30,174,23,200,185,79,33
0,222,38,288,85,194,198,171,266,72,140,207
0,145,81,132,42,193,120,29,1,155,43
0,100,18,253,17,173,279,25,112,5,290,215
0,163,73,172,240,299,186,199,239,208,76,265
0,261,165,15,16,82,96,67,263,187,98
0,285,170,250,142,158,20,78,196,40
0,210,246,41,108,123,268,52,229,269,213,48
0,280,103,60,109,94,206,159,236
0,232,122,230,91,135,86,54,231,272
0,296,99,11,164,149,133,242,166
0,221,256,49,46,292,125,97,127,10,225
0,224,92,180,251,168,36,147,203,71,175,13,300
0,87,31,59,238,294,156,74,189,218,237,150,104,287,128
0,44,113,248,295,144,289,137,227,14,211,249,121
0,83,139,75,51,66,270,8,69,118
0,63,22,244,37,223,177,235,111,217,101,181,161
0,146,130,167,95,276,12,264,2,182,84
0,50,80,190,179,55,7,131,93,202,148,88
0,68,212,116,254,204,62,89,154,119,247
0,176,298,110,45,107,160,260,284,297,245,117
0,234,53,226,26,273,233,138,183,157,291,283,102,262
0,275,241,21,152,184,197,201
0,252,143,124,216,3,114,192,219,28,278,9
0,257,64,58,4,258,153,205,188
